[General]
capture_frames = 10
n_camera = 1
smoothing_filter = 1
sensor_id = "Camera0"

[Camera0_Factory]
fx = 626.097167969
fy = 625.370239258
cx = 339.668182373
cy = 237.262390137
p1 = -0.000701378507074
p2 = -0.00045805744594
k1 = -0.121491640806
k2 = 0.205906823277
k3 = -0.0324872918427
k4 = 0.135617867112
k5 = 0.119511365891
k6 = 0.0428289137781

[Camera0_RGB_Factory]
fx = 530.44921875
fy = 530.092102051
cx = 331.234100342
cy = 175.459838867
p1 = 0.000345242151525
p2 = 0.00010385337373
k1 = -0.185837954283
k2 = 0.171621739864
k3 = -0.0224605947733
k4 = 0.226600438356
k5 = 0.015911726281
k6 = 0.0639947876334

[Camera0_Extrinsic_Factory]
tx = 47.7310825796
ty = 0.384469451761
tz = -2.23487333629
r11 = 0.999999592377
r12 = -0.000120251870443
r13 = 0.00089486628436
r21 = 0.000118974290345
r22 = 0.999998973911
r23 = 0.00142759340427
r31 = -0.000895037036924
r32 = -0.00142748635626
r33 = 0.999998580595

[Camera0]
camera_name = "camera0"
serial_no = "PD71A1EGD8280187P"
range1 = 0
range2 = -1
rgb_image = 1
width=640
height=480